N: 1000
E_total: 2.0434127557342077
mu: 2.6212008141537484
E_kin: 0.29574044161456775
E_pot: 1.1668940550033196
E_int: 0.5807782591163199