N: 1000000
E_total: 30.053620708875105
mu: 42.05283660404937
E_pot: 17.984199731066926
E_int: 12.069420977808177