N: 1000000
E_total: 30.2420861106102
mu: 42.86059549946566
E_kin: 0.142915609795414
E_pot: 17.463455102365614
E_int: 12.635715398449166