N: 100
E_total: 0.6772299391576163
mu: 13.559561139085954
E_pot: 0.4249076798773269
E_int: 0.25232225928028934