N: 100000
E_total: 11.963950162134841
mu: 20.63247262355729
E_pot: 7.180290547013169
E_int: 4.783659615121672