N: 10000
E_total: 5.041515903348342
mu: 6.854337815770063
E_kin: 0.24035225835566273
E_pot: 2.976830221263874
E_int: 1.8243334237288045