N: 10000
E_total: 4.763007491422488
mu: 15.265159140413562
E_pot: 2.85559687677037
E_int: 1.9074106146521173