N: 1000
E_total: 1.6910126988218723
mu: 13.84405656870822
E_pot: 1.024332711256125
E_int: 0.6666799875657476