N: 100
E_total: 1.2911379014957947
mu: 1.4403826987315804
E_kin: 0.4676113497166157
E_pot: 0.681241924919061
E_int: 0.14228462686011792