N: 100000
E_total: 12.103943073516863
mu: 16.81851138227183
E_kin: 0.12366864518111281
E_pot: 7.237628471396684
E_int: 4.742645956939066